1,0,2274,355,345,138,1,4,0,1
2,0,2203,332,329,133,1,4,0,1
3,0,2132,309,314,128,1,4,0,1
4,0,2041,319,300,122,1,4,0,1
5,0,1982,394,284,119,1,4,0,1
6,0,1924,470,268,116,1,4,0,1
7,0,1866,546,252,113,1,4,0,1
8,0,1821,546,235,108,1,4,0,1
9,0,1776,546,219,103,1,4,0,1
10,0,1731,547,203,98,1,4,0,1
11,0,1686,535,199,97,1,4,0,1
12,0,1641,524,195,95,1,4,0,1
13,0,1597,513,190,93,1,4,0,1
14,0,1561,502,184,92,1,4,0,1
15,0,1525,491,178,91,1,4,0,1
16,0,1489,481,173,89,1,4,0,1
17,0,1461,472,166,87,1,4,0,1
18,0,1434,463,159,86,1,4,0,1
19,0,1407,455,151,84,1,4,0,1
20,0,1380,446,144,83,1,4,0,1
21,0,1353,438,137,81,1,4,0,1
22,0,1322,431,136,81,1,4,0,1
23,0,1291,424,135,81,1,4,0,1
24,0,1268,426,134,68,1,4,0,1
25,0,1246,420,138,72,1,4,0,1
26,0,1224,414,143,77,1,4,0,1
27,0,1204,408,134,74,1,4,0,1
28,0,1184,402,125,71,1,4,0,1
29,0,1164,396,116,68,1,4,0,1
30,0,1145,397,116,62,1,4,0,1
31,0,1129,390,119,65,1,4,0,1
32,0,1109,415,115,63,1,4,0,1
33,0,1089,440,112,62,1,4,0,1
34,0,1059,466,122,65,1,4,0,1
35,0,1060,463,101,63,1,4,0,1
36,0,1046,461,99,62,1,4,0,1
37,0,1033,459,96,61,1,4,0,1
38,0,1020,458,93,59,1,4,0,1
39,0,1005,454,92,57,1,4,0,1
40,0,991,451,91,55,1,4,0,1
41,0,977,447,89,53,1,4,0,1
42,0,963,444,88,51,1,4,0,1
43,0,950,441,89,49,1,4,0,1
44,0,938,438,90,48,1,4,0,1
45,0,927,435,84,47,1,4,0,1
46,0,916,432,83,47,1,4,0,1
47,0,906,430,82,47,1,4,0,1
48,0,896,427,81,48,1,4,0,1
49,0,886,425,80,48,1,4,0,1
50,0,876,422,79,49,1,4,0,1
51,0,866,420,78,49,1,4,0,1
52,0,857,418,75,48,1,4,0,1
53,0,849,416,72,48,1,4,0,1
54,0,840,414,70,47,1,4,0,1
55,0,832,412,67,47,1,4,0,1
56,0,815,411,75,50,1,4,0,1
57,0,818,409,63,47,1,4,0,1
58,0,809,408,64,43,1,4,0,1
59,0,800,407,65,39,1,4,0,1
60,0,791,406,67,35,1,4,0,1
61,0,784,404,65,35,1,4,0,1
62,0,778,402,63,36,1,4,0,1
63,0,771,400,61,37,1,4,0,1
64,0,765,398,59,38,1,4,0,1
65,0,757,396,59,40,1,4,0,1
66,0,750,395,59,41,1,4,0,1
67,0,742,394,59,42,1,4,0,1
68,0,735,393,59,43,1,4,0,1
69,0,730,398,58,37,1,4,0,1
70,0,725,395,57,36,1,4,0,1
71,0,720,393,56,34,1,4,0,1
72,0,716,391,55,33,1,4,0,1
73,0,709,391,56,33,1,4,0,1
74,0,702,391,58,33,1,4,0,1
75,0,695,392,60,33,1,4,0,1
76,0,689,390,60,33,1,4,0,1
77,0,684,388,59,34,1,4,0,1
78,0,679,387,59,34,1,4,0,1
79,0,682,386,50,34,1,4,0,1
80,0,677,385,50,34,1,4,0,1
81,0,672,384,51,34,1,4,0,1
82,0,666,383,49,32,1,4,0,1
83,0,662,382,48,32,1,4,0,1
84,0,658,382,47,31,1,4,0,1
85,0,655,382,46,31,1,4,0,1
86,0,651,382,45,30,1,4,0,1
87,0,647,381,44,31,1,4,0,1
88,0,644,381,43,30,1,4,0,1
89,0,640,381,42,30,1,4,0,1
90,0,636,381,41,29,1,4,0,1
91,0,633,381,40,29,1,4,0,1
92,0,629,379,42,31,1,4,0,1
93,0,626,378,43,33,1,4,0,1
94,0,623,377,45,35,1,4,0,1
95,0,619,375,47,38,1,4,0,1
96,0,616,374,48,40,1,4,0,1
97,0,613,373,50,42,1,4,0,1
98,0,609,375,49,39,1,4,0,1
99,0,605,378,48,35,1,4,0,1
100,0,602,381,46,31,1,4,0,1
101,0,599,380,45,31,1,4,0,1
102,0,597,380,44,30,1,4,0,1
103,0,594,379,44,30,1,4,0,1
104,0,592,379,43,30,1,4,0,1
105,0,589,378,43,30,1,4,0,1
106,0,587,378,42,29,1,4,0,1
107,0,584,377,42,30,1,4,0,1
108,0,582,377,41,29,1,4,0,1
109,0,579,376,41,29,1,4,0,1
110,0,577,376,40,29,1,4,0,1
111,0,571,375,44,35,1,4,0,1
112,0,570,378,42,31,1,4,0,1
113,0,567,377,41,28,1,4,0,1
114,0,564,376,41,26,1,4,0,1
115,0,562,375,40,24,1,4,0,1
116,0,559,378,39,23,1,4,0,1
117,0,557,377,37,24,1,4,0,1
118,0,555,376,36,26,1,4,0,1
119,0,553,376,34,26,1,4,0,1
120,0,551,375,33,28,1,4,0,1
121,0,549,375,32,29,1,4,0,1
122,0,543,375,36,31,1,4,0,1
123,0,541,375,36,32,1,4,0,1
124,0,540,376,35,32,1,4,0,1
125,0,536,376,36,30,1,4,0,1
126,0,534,375,38,35,1,4,0,1
127,0,531,378,39,28,1,4,0,1
128,0,533,379,39,28,1,4,0,1
129,0,530,378,39,28,1,4,0,1
130,0,527,377,39,28,1,4,0,1
131,0,525,376,38,28,1,4,0,1
132,0,522,375,38,28,1,4,0,1
133,0,520,375,38,28,1,4,0,1
134,0,518,376,37,27,1,4,0,1
135,0,516,378,36,26,1,4,0,1
136,0,514,377,36,27,1,4,0,1
137,0,512,377,36,27,1,4,0,1
138,0,511,376,36,29,1,4,0,1
139,0,509,376,36,29,1,4,0,1
140,0,508,376,36,30,1,4,0,1
141,0,500,375,41,27,1,4,0,1
142,0,498,375,41,28,1,4,0,1
143,0,496,375,41,30,1,4,0,1
144,0,494,375,41,30,1,4,0,1
145,0,492,375,41,30,1,4,0,1
146,0,490,376,41,29,1,4,0,1
147,0,488,376,41,29,1,4,0,1
148,0,486,376,41,29,1,4,0,1
149,0,485,377,40,29,1,4,0,1
7,1,315,250,48,45,1,4,0,0
8,1,325,283,47,47,1,4,0,0
9,1,327,277,53,65,1,4,0,0
10,1,331,283,52,58,1,4,0,0
11,1,336,290,51,50,1,4,0,0
12,1,341,297,50,42,1,4,0,0
13,1,346,304,49,34,1,4,0,0
14,1,349,302,52,38,1,4,0,0
15,1,353,301,54,41,1,4,0,0
16,1,357,300,57,45,1,4,0,0
17,1,361,303,58,44,1,4,0,0
18,1,366,306,59,43,1,4,0,0
19,1,370,309,61,43,1,4,0,0
20,1,375,312,61,42,1,4,0,0
21,1,379,315,63,42,1,4,0,0
22,1,384,318,64,41,1,4,0,0
23,1,389,321,65,41,1,4,0,0
24,1,395,324,66,43,1,4,0,0
25,1,401,327,67,45,1,4,0,0
26,1,407,330,69,47,1,4,0,0
27,1,413,333,70,49,1,4,0,0
28,1,419,336,71,51,1,4,0,0
29,1,425,339,73,53,1,4,0,0
30,1,431,342,78,56,1,4,0,0
31,1,438,346,83,59,1,4,0,0
32,1,449,379,84,60,1,4,0,0
33,1,460,413,86,61,1,4,0,0
34,1,469,432,87,62,1,4,0,0
35,1,478,452,89,63,1,4,0,0
36,1,489,459,90,64,1,4,0,0
37,1,500,466,91,65,1,4,0,0
38,1,511,474,93,65,1,4,0,0
39,1,524,481,96,69,1,4,0,0
40,1,538,488,99,73,1,4,0,0
41,1,552,496,102,77,1,4,0,0
42,1,566,503,104,81,1,4,0,0
43,1,580,510,107,85,1,4,0,0
44,1,594,518,110,89,1,4,0,0
45,1,614,531,114,92,1,4,0,0
46,1,634,545,118,95,1,4,0,0
47,1,654,559,122,98,1,4,0,0
48,1,675,572,135,105,1,4,0,0
49,1,696,586,148,111,1,4,0,0
50,1,717,599,161,118,1,4,0,0
51,1,738,613,175,124,1,4,0,0
52,1,769,635,189,137,1,4,0,0
53,1,800,657,204,151,1,4,0,0
54,1,831,679,219,165,1,4,0,0
55,1,863,701,233,179,1,4,0,0
56,1,922,722,246,188,1,4,0,0
57,1,978,762,256,185,1,4,0,0
58,1,1023,778,314,251,1,4,0,0
59,1,1093,830,332,266,1,4,0,0
60,1,1188,886,350,278,1,4,0,0
61,1,1290,944,410,322,1,4,0,0
62,1,1392,1003,470,365,1,4,0,0
63,1,1516,1104,561,402,1,4,1,0
64,1,1692,1195,614,314,1,4,1,0
111,2,287,376,45,43,1,4,1,0
112,2,289,378,46,43,1,4,1,0
113,2,291,380,47,44,1,4,1,0
114,2,293,382,49,44,1,4,1,0
115,2,296,384,49,45,1,4,1,0
116,2,298,386,51,45,1,4,1,0
117,2,300,388,52,46,1,4,1,0
118,2,303,390,53,47,1,4,0,0
119,2,305,390,55,47,1,4,0,0
120,2,307,390,57,47,1,4,0,0
121,2,310,391,59,47,1,4,0,0
122,2,313,392,60,47,1,4,0,0
123,2,316,394,61,47,1,4,0,0
124,2,319,395,62,47,1,4,0,0
125,2,323,397,63,47,1,4,0,0
126,2,326,400,64,47,1,4,0,0
127,2,329,403,66,48,1,4,0,0
128,2,333,406,67,49,1,4,0,0
129,2,335,406,69,50,1,4,0,0
130,2,337,407,71,50,1,4,0,0
131,2,340,408,73,51,1,4,0,0
132,2,346,412,74,51,1,4,0,0
133,2,352,416,76,51,1,4,0,0
134,2,359,420,77,51,1,4,0,0
135,2,361,420,77,51,1,4,0,0
136,2,363,426,77,51,1,4,0,0
137,2,371,426,77,51,1,4,0,0
138,2,379,432,77,51,1,4,0,0
139,2,389,436,77,51,1,4,0,0
140,2,391,440,77,51,1,4,0,0
141,2,395,440,77,51,1,4,0,0
142,2,407,448,77,51,1,4,0,0
143,2,415,450,77,51,1,4,0,0
144,2,421,454,77,51,1,4,0,0
145,2,425,454,78,51,1,4,0,0
146,2,436,459,78,52,1,4,0,0
147,2,447,464,78,54,1,4,0,0
148,2,458,469,78,56,1,4,0,0
149,2,469,475,78,57,1,4,0,0
150,2,480,480,78,59,1,4,0,0
151,2,491,485,78,61,1,4,0,0
152,2,503,491,77,62,1,4,0,0
153,2,519,496,77,64,1,4,0,0
154,2,536,502,77,65,1,4,0,0
155,2,546,509,82,68,1,4,0,0
156,2,561,516,86,71,1,4,0,0
157,2,577,524,90,73,1,4,0,0
158,2,592,531,94,76,1,4,0,0
159,2,608,539,98,79,1,4,0,0
160,2,625,549,106,81,1,4,0,0
161,2,642,559,114,84,1,4,0,0
162,2,660,569,122,87,1,4,0,0
163,2,686,579,121,91,1,4,0,0
164,2,713,589,119,95,1,4,0,0
165,2,740,601,134,102,1,4,0,0
166,2,768,614,149,108,1,4,0,0
167,2,806,633,158,115,1,4,0,0
168,2,845,652,166,122,1,4,0,0
169,2,884,671,174,129,1,4,0,0
170,2,923,690,182,136,1,4,0,0
171,2,962,709,191,143,1,4,0,0
172,2,1009,734,218,153,1,4,0,0
173,2,1069,760,235,165,1,4,0,0
174,2,1130,787,251,176,1,4,0,0
175,2,1213,828,287,196,1,4,0,0
176,2,1296,869,323,216,1,4,0,0
177,2,1379,910,359,236,1,4,0,0
178,2,1500,968,424,278,1,4,0,0
179,2,1622,1027,488,320,1,4,0,0
180,2,1775,1111,584,371,1,4,0,0
181,2,1988,1207,698,302,1,4,1,0
14,3,2431,654,255,147,1,4,1,1
15,3,2333,625,314,146,1,4,0,1
16,3,2223,605,299,131,1,4,0,1
17,3,2134,585,296,119,1,4,0,1
18,3,2047,572,278,116,1,4,0,1
19,3,1978,551,245,101,1,4,0,1
20,3,1912,537,233,103,1,4,0,1
21,3,1846,523,221,105,1,4,0,1
22,3,1789,501,209,104,1,4,0,1
23,3,1733,492,196,101,1,4,0,1
24,3,1682,480,190,98,1,4,0,1
25,3,1631,469,185,95,1,4,0,1
26,3,1585,459,176,89,1,4,0,1
27,3,1539,449,167,83,1,4,0,1
28,3,1499,441,159,79,1,4,0,1
29,3,1459,433,151,75,1,4,0,1
30,3,1423,428,149,68,1,4,0,1
31,3,1395,424,134,65,1,4,0,1
32,3,1350,437,146,65,1,4,0,1
33,3,1326,462,123,62,1,4,0,1
34,3,1295,471,124,61,1,4,0,1
35,3,1264,481,125,60,1,4,0,1
36,3,1240,478,119,59,1,4,0,1
37,3,1215,471,115,59,1,4,0,1
38,3,1190,464,111,60,1,4,0,1
39,3,1165,458,108,60,1,4,0,1
40,3,1145,454,102,60,1,4,0,1
41,3,1119,450,103,58,1,4,0,1
42,3,1104,447,95,59,1,4,0,1
43,3,1080,444,96,54,1,4,0,1
44,3,1062,440,91,53,1,4,0,1
45,3,1045,437,86,51,1,4,0,1
46,3,1029,432,82,51,1,4,0,1
47,3,1011,429,83,47,1,4,0,1
48,3,994,427,83,47,1,4,0,0
49,3,979,422,80,48,1,4,0,0
50,3,963,419,80,51,1,4,0,0
51,3,949,416,75,46,1,4,0,0
52,3,939,417,71,43,1,4,0,0
53,3,922,413,74,43,1,4,0,0
54,3,906,407,71,48,1,4,0,0
55,3,898,401,62,55,1,4,0,0
56,3,885,404,66,46,1,4,0,0
57,3,873,399,59,46,1,4,0,1
58,3,865,400,62,46,1,4,0,1
59,3,854,400,58,42,1,4,0,1
60,3,840,395,59,43,1,4,0,1
61,3,832,394,57,41,1,4,0,1
62,3,825,394,54,38,1,4,0,1
63,3,818,394,51,35,1,4,0,1
64,3,805,393,48,35,1,4,0,1
65,3,787,391,59,35,1,4,0,1
66,3,776,388,59,38,1,4,0,1
67,3,773,390,55,36,1,4,0,1
68,3,764,391,51,31,1,4,0,1
69,3,752,387,53,33,1,4,0,1
70,3,743,384,53,38,1,4,0,1
71,3,745,383,46,34,1,4,0,1
72,3,728,379,50,41,1,4,0,1
73,3,721,380,49,39,1,4,0,1
74,3,715,382,47,36,1,4,0,1
75,3,703,379,53,41,1,4,0,1
76,3,696,379,46,30,1,4,0,1
77,3,695,377,39,36,1,4,0,1
78,3,683,375,43,32,1,4,0,1
79,3,674,375,43,27,1,4,0,1
80,3,677,379,43,31,1,4,0,1
81,3,664,373,44,32,1,4,0,1
82,3,654,372,47,37,1,4,0,1
83,3,650,372,45,36,1,4,0,1
84,3,646,372,43,35,1,4,0,1
85,3,642,373,42,34,1,4,0,1
86,3,640,371,39,38,1,4,0,1
87,3,631,374,43,31,1,4,0,1
88,3,624,373,43,30,1,4,0,1
89,3,618,372,43,29,1,4,0,1
90,3,612,371,42,28,1,4,0,1
91,3,606,371,42,27,1,4,0,1
92,3,605,372,39,27,1,4,0,1
93,3,602,369,35,35,1,4,0,1
94,3,597,372,35,31,1,4,0,1
95,3,592,369,35,33,1,4,0,1
96,3,587,366,35,35,1,4,0,1
97,3,582,363,35,38,1,4,0,1
98,3,577,364,36,36,1,4,0,1
99,3,573,365,36,34,1,4,0,1
100,3,569,366,36,33,1,4,0,0
101,3,565,366,36,33,1,4,0,0
102,3,561,366,36,33,1,4,0,0
103,3,557,366,36,33,1,4,0,0
104,3,553,366,36,33,1,4,0,0
105,3,550,366,36,34,1,4,0,0
106,3,546,366,36,34,1,4,0,0
107,3,542,366,36,34,1,4,0,0
108,3,538,366,36,34,1,4,0,0
109,3,534,366,36,34,1,4,0,0
110,3,531,366,36,35,1,4,0,0
111,3,530,364,37,41,1,4,0,0
112,3,526,364,37,39,1,4,0,0
113,3,523,364,36,38,1,4,0,0
114,3,520,365,36,36,1,4,0,0
115,3,516,365,36,35,1,4,0,0
116,3,513,366,36,33,1,4,0,0
117,3,510,366,35,32,1,4,0,0
118,3,506,367,36,30,1,4,0,0
119,3,503,367,35,29,1,4,0,0
120,3,500,368,35,27,1,4,0,0
121,3,497,371,34,23,1,4,0,0
122,3,496,366,31,26,1,4,0,0
72,4,2381,784,300,144,1,4,1,1
73,4,2267,757,356,143,1,4,0,1
74,4,2156,727,356,143,1,4,0,1
75,4,2079,707,331,137,1,4,0,1
76,4,2002,687,307,131,1,4,0,1
77,4,1925,667,282,125,1,4,0,1
78,4,1848,647,258,119,1,4,0,1
79,4,1772,628,233,113,1,4,0,1
80,4,1714,614,220,106,1,4,0,1
81,4,1656,600,207,100,1,4,0,1
82,4,1599,586,193,94,1,4,0,1
83,4,1558,577,185,91,1,4,0,1
84,4,1517,568,178,89,1,4,0,1
85,4,1476,559,170,87,1,4,0,1
86,4,1435,550,163,85,1,4,0,1
87,4,1395,541,155,83,1,4,0,1
88,4,1354,532,149,80,1,4,0,1
89,4,1313,523,143,77,1,4,0,1
90,4,1283,517,131,72,1,4,0,1
91,4,1254,512,119,67,1,4,0,1
92,4,1226,508,143,77,1,4,0,1
93,4,1203,502,136,75,1,4,0,1
94,4,1180,496,129,73,1,4,0,1
95,4,1157,490,122,71,1,4,0,1
96,4,1134,484,115,69,1,4,0,1
97,4,1112,478,108,68,1,4,0,1
98,4,1067,472,125,71,1,4,0,1
99,4,1059,467,108,62,1,4,0,1
100,4,1051,463,92,53,1,4,0,1
101,4,1032,459,94,54,1,4,0,1
102,4,1014,455,96,56,1,4,0,1
103,4,996,451,98,57,1,4,0,1
104,4,977,447,100,59,1,4,0,1
105,4,959,443,102,60,1,4,0,1
106,4,941,439,104,62,1,4,0,1
107,4,929,437,96,59,1,4,0,1
108,4,917,436,89,55,1,4,0,1
109,4,905,434,82,52,1,4,0,1
110,4,894,433,74,48,1,4,0,1
111,4,882,430,72,49,1,4,0,1
112,4,870,428,70,49,1,4,0,1
113,4,858,425,68,51,1,4,0,1
114,4,846,423,66,51,1,4,0,1
115,4,835,421,64,52,1,4,0,1
116,4,803,412,83,62,1,4,0,1
117,4,795,412,79,58,1,4,0,1
118,4,788,412,75,54,1,4,0,1
119,4,780,413,72,49,1,4,0,1
120,4,773,413,68,45,1,4,0,1
121,4,766,414,64,41,1,4,0,1
122,4,755,413,66,39,1,4,0,1
123,4,745,413,67,37,1,4,0,1
124,4,735,412,68,35,1,4,0,1
125,4,725,412,70,33,1,4,0,1
126,4,716,410,69,33,1,4,0,1
127,4,708,409,67,33,1,4,0,1
128,4,700,407,65,33,1,4,0,1
129,4,692,406,63,33,1,4,0,1
130,4,683,404,62,33,1,4,0,1
131,4,675,403,60,33,1,4,0,1
132,4,667,401,58,33,1,4,0,1
133,4,659,400,56,33,1,4,0,1
134,4,635,400,83,53,1,4,0,1
135,4,647,399,61,39,1,4,0,1
136,4,639,399,60,37,1,4,0,1
137,4,632,399,59,36,1,4,0,1
138,4,625,399,58,35,1,4,0,1
139,4,618,399,57,33,1,4,0,1
140,4,611,399,56,32,1,4,0,1
141,4,604,399,55,31,1,4,0,1
142,4,596,398,52,33,1,4,0,1
143,4,589,398,49,35,1,4,0,1
144,4,584,397,49,34,1,4,0,1
145,4,580,397,48,32,1,4,0,1
146,4,576,396,48,31,1,4,0,1
147,4,572,396,47,30,1,4,0,1
148,4,568,395,47,29,1,4,0,1
149,4,564,395,46,27,1,4,0,1
150,4,560,395,46,26,1,4,0,1
151,4,554,394,44,28,1,4,0,1
152,4,549,394,41,30,1,4,0,1
153,4,544,393,42,32,1,4,0,1
154,4,540,392,42,34,1,4,0,1
155,4,535,391,43,37,1,4,0,1
156,4,531,390,43,39,1,4,0,1
157,4,526,389,45,41,1,4,0,1
158,4,522,388,45,44,1,4,0,1
159,4,517,387,46,46,1,4,0,1
160,4,513,386,46,48,1,4,0,1
161,4,509,385,47,51,1,4,0,1
162,4,505,394,44,34,1,4,0,1
163,4,501,393,43,34,1,4,0,1
164,4,498,393,42,33,1,4,0,1
165,4,495,393,41,32,1,4,1,1
166,4,492,392,40,32,1,4,1,1
167,4,489,392,39,31,1,4,1,1
168,4,486,392,38,30,1,4,1,1
169,4,484,393,37,28,1,4,1,1
96,5,2524,738,164,137,1,4,1,1
97,5,2443,730,241,153,1,4,1,1
98,5,2363,724,321,135,1,4,1,1
99,5,2303,709,320,134,1,4,0,1
100,5,2226,697,307,121,1,4,0,1
101,5,2164,683,295,118,1,4,0,1
102,5,2102,669,283,116,1,4,0,1
103,5,2040,656,272,113,1,4,0,1
104,5,1985,646,260,110,1,4,0,1
105,5,1934,636,248,107,1,4,0,1
106,5,1885,624,236,104,1,4,0,1
107,5,1837,613,224,101,1,4,0,1
108,5,1797,606,212,98,1,4,0,1
109,5,1755,596,207,95,1,4,0,1
110,5,1714,587,201,92,1,4,0,1
111,5,1674,580,197,89,1,4,0,1
112,5,1643,574,185,86,1,4,0,1
113,5,1611,568,172,80,1,4,0,1
114,5,1574,563,173,80,1,4,0,1
115,5,1542,553,172,77,1,4,0,1
116,5,1508,544,164,75,1,4,0,1
117,5,1479,541,155,72,1,4,0,1
118,5,1450,537,162,68,1,4,0,1
119,5,1425,527,155,68,1,4,0,1
120,5,1400,523,147,68,1,4,0,1
121,5,1375,519,140,68,1,4,0,1
122,5,1350,516,133,67,1,4,0,1
123,5,1326,512,131,67,1,4,0,1
124,5,1302,509,129,67,1,4,0,1
125,5,1282,505,127,67,1,4,0,1
126,5,1263,501,125,67,1,4,0,1
127,5,1243,497,123,68,1,4,0,1
128,5,1224,493,121,68,1,4,0,1
129,5,1205,490,119,68,1,4,0,1
130,5,1187,487,116,64,1,4,0,1
131,5,1169,484,114,60,1,4,0,1
132,5,1151,481,112,56,1,4,0,1
133,5,1134,478,109,53,1,4,0,1
134,5,1119,475,103,53,1,4,0,1
135,5,1104,472,98,53,1,4,0,1
136,5,1090,469,92,53,1,4,0,1
137,5,1075,466,92,53,1,4,0,1
138,5,1061,464,92,53,1,4,0,1
139,5,1047,461,92,54,1,4,0,1
140,5,1033,459,92,54,1,4,0,1
141,5,1019,462,80,45,1,4,0,1
142,5,1007,460,79,44,1,4,0,1
143,5,995,458,79,44,1,4,0,0
144,5,983,456,78,44,1,4,0,0
145,5,972,454,77,44,1,4,0,0
146,5,960,452,77,44,1,4,0,0
147,5,949,450,75,44,1,4,0,0
148,5,937,448,75,44,1,4,0,0
149,5,926,446,74,44,1,4,0,0
150,5,914,444,73,44,1,4,0,0
151,5,903,442,72,44,1,4,0,0
152,5,892,441,71,43,1,4,0,0
153,5,883,438,70,43,1,4,0,0
154,5,875,435,68,44,1,4,0,0
155,5,862,434,68,44,1,4,0,0
156,5,853,432,68,45,1,4,0,0
157,5,844,431,68,45,1,4,0,0
158,5,836,430,67,45,1,4,0,0
159,5,827,428,67,46,1,4,0,0
160,5,819,427,66,46,1,4,0,0
161,5,810,426,66,46,1,4,0,0
162,5,802,425,65,47,1,4,0,0
163,5,791,427,68,44,1,4,0,0
164,5,784,427,64,42,1,4,0,0
165,5,776,426,62,41,1,4,0,0
166,5,769,425,60,41,1,4,0,0
167,5,762,424,58,40,1,4,0,0
168,5,755,424,56,39,1,4,0,0
169,5,747,423,59,38,1,4,0,0
170,5,740,423,61,37,1,4,0,0
171,5,734,422,58,37,1,4,0,0
172,5,728,421,56,38,1,4,0,0
173,5,723,421,53,38,1,4,0,0
174,5,716,421,56,36,1,4,0,0
175,5,709,418,53,45,1,4,0,0
176,5,701,422,56,34,1,4,0,0
177,5,695,420,56,35,1,4,0,0
178,5,690,419,55,35,1,4,0,0
179,5,685,417,54,36,1,4,0,0
180,5,680,416,53,37,1,4,0,0
181,5,674,416,54,37,1,4,0,0
182,5,668,417,55,36,1,4,0,0
183,5,662,418,56,35,1,4,0,0
184,5,657,417,55,35,1,4,0,0
185,5,652,417,54,35,1,4,0,0
186,5,647,417,53,35,1,4,0,0
187,5,642,417,52,35,1,4,0,0
188,5,637,417,51,35,1,4,0,0
189,5,633,417,49,35,1,4,0,0
190,5,632,415,44,38,1,4,0,0
191,5,623,412,50,41,1,4,0,0
192,5,619,412,48,40,1,4,0,0
193,5,616,413,46,39,1,4,0,0
194,5,613,414,44,38,1,4,0,0
195,5,606,413,47,38,1,4,0,0
196,5,600,412,50,38,1,4,0,0
197,5,594,412,50,41,1,4,0,0
198,5,590,415,53,38,1,4,0,0
199,5,586,414,51,36,1,4,0,0
200,5,583,414,49,34,1,4,0,0
201,5,579,413,47,33,1,4,0,0
202,5,576,413,45,31,1,4,0,0
203,5,573,413,43,29,1,4,0,0
204,5,570,409,51,31,1,4,0,0
205,5,564,411,49,33,1,4,0,0
206,5,558,414,47,35,1,4,0,0
207,5,556,413,45,35,1,4,0,0
208,5,555,412,43,35,1,4,0,0
209,5,552,418,33,27,1,4,0,0
210,5,543,407,50,36,1,4,0,0
211,5,540,409,47,34,1,4,0,0
212,5,538,411,43,33,1,4,0,0
213,5,536,414,39,31,1,4,0,0
214,5,529,404,51,41,1,4,0,0
215,5,530,403,46,44,1,4,0,0
216,5,532,403,40,47,1,4,0,0
217,5,525,413,41,31,1,4,0,0
218,5,522,412,39,33,1,4,0,0
219,5,516,415,41,25,1,4,0,0
220,5,519,404,37,37,1,4,0,0
221,5,516,405,36,35,1,4,0,0
222,5,513,406,36,33,1,4,0,0
223,5,511,407,35,32,1,4,0,0
224,5,508,408,35,30,1,4,0,0
225,5,506,410,34,28,1,4,0,0
106,6,2449,796,238,143,1,4,1,1
107,6,2324,781,362,143,1,4,1,1
108,6,2213,748,362,143,1,4,0,1
109,6,2118,727,323,131,1,4,0,1
110,6,2025,707,301,116,1,4,0,1
111,6,1937,685,278,110,1,4,0,1
112,6,1865,669,260,103,1,4,0,1
113,6,1792,648,239,103,1,4,0,1
114,6,1724,633,230,103,1,4,0,1
115,6,1663,618,219,99,1,4,0,1
116,6,1603,604,208,95,1,4,0,1
117,6,1557,592,191,98,1,4,0,1
118,6,1510,580,175,98,1,4,0,1
119,6,1470,570,167,91,1,4,0,1
120,6,1430,561,161,89,1,4,0,1
121,6,1390,552,156,87,1,4,0,1
122,6,1350,543,151,86,1,4,0,1
123,6,1310,534,146,84,1,4,0,1
124,6,1271,525,140,83,1,4,0,1
125,6,1244,520,134,80,1,4,0,1
126,6,1217,516,128,77,1,4,0,1
127,6,1190,512,122,74,1,4,0,1
128,6,1163,508,116,71,1,4,0,1
129,6,1137,503,114,67,1,4,0,1
130,6,1112,498,111,63,1,4,0,1
131,6,1086,493,110,60,1,4,0,1
132,6,1061,488,107,56,1,4,0,1
133,6,1036,484,105,52,1,4,0,1
134,6,1017,480,100,51,1,4,0,1
135,6,999,476,94,50,1,4,0,1
136,6,981,472,89,50,1,4,0,1
137,6,963,468,89,50,1,4,0,1
138,6,946,465,89,49,1,4,0,1
139,6,928,461,90,49,1,4,0,1
140,6,911,458,90,48,1,4,0,1
141,6,896,461,85,36,1,4,0,1
142,6,881,458,83,37,1,4,0,1
143,6,866,455,82,39,1,4,0,1
144,6,854,452,81,39,1,4,0,1
145,6,842,450,80,39,1,4,0,1
146,6,830,448,79,39,1,4,0,1
147,6,818,446,79,39,1,4,0,1
148,6,806,443,78,39,1,4,0,1
149,6,794,441,77,39,1,4,0,1
150,6,782,439,76,39,1,4,0,1
151,6,771,437,75,39,1,4,0,1
152,6,758,435,67,32,1,4,0,1
153,6,746,430,71,38,1,4,0,1
154,6,734,425,75,45,1,4,0,1
155,6,726,431,71,37,1,4,0,1
156,6,718,429,68,37,1,4,0,1
157,6,710,428,66,37,1,4,0,1
158,6,702,426,63,37,1,4,0,1
159,6,695,425,60,37,1,4,0,1
160,6,687,423,57,37,1,4,0,1
161,6,679,422,55,37,1,4,0,1
162,6,672,421,52,37,1,4,0,1
163,6,650,419,63,48,1,4,0,1
164,6,629,418,74,59,1,4,0,1
165,6,629,416,67,53,1,4,0,1
166,6,629,415,60,46,1,4,0,1
167,6,629,414,53,39,1,4,0,1
168,6,629,413,47,32,1,4,0,1
169,6,621,412,47,33,1,4,0,1
170,6,614,412,47,34,1,4,0,1
171,6,607,412,48,33,1,4,0,1
172,6,600,412,49,33,1,4,0,1
173,6,594,412,49,33,1,4,0,1
174,6,588,412,49,33,1,4,0,1
175,6,588,406,47,41,1,4,0,1
176,6,576,410,49,33,1,4,0,1
177,6,571,409,47,33,1,4,0,1
178,6,566,409,45,33,1,4,0,1
179,6,561,409,43,32,1,4,0,1
180,6,557,409,41,32,1,4,0,1
181,6,552,409,45,32,1,4,0,1
182,6,548,409,48,32,1,4,0,1
183,6,544,409,51,33,1,4,0,1
184,6,539,409,50,32,1,4,0,1
185,6,534,410,50,31,1,4,0,1
186,6,529,410,50,30,1,4,0,1
187,6,524,411,50,29,1,4,0,1
188,6,519,411,50,28,1,4,0,1
189,6,514,412,50,27,1,4,0,1
190,6,510,411,48,27,1,4,0,1
191,6,506,410,47,28,1,4,0,1
192,6,503,409,44,29,1,4,0,1
193,6,499,408,43,30,1,4,0,1
194,6,496,407,41,31,1,4,0,1
195,6,492,407,42,30,1,4,0,1
196,6,489,407,42,30,1,4,0,1
197,6,485,407,43,30,1,4,0,1
198,6,482,407,43,30,1,4,0,1
199,6,477,404,45,35,1,4,1,1
152,7,2420,811,266,137,1,4,1,1
153,7,2315,784,356,137,1,4,0,1
154,7,2219,763,326,137,1,4,0,1
155,7,2131,744,308,130,1,4,0,1
156,7,2043,725,290,124,1,4,0,1
157,7,1955,706,272,117,1,4,0,1
158,7,1868,687,254,111,1,4,0,1
159,7,1814,673,237,104,1,4,0,1
160,7,1760,659,221,98,1,4,0,1
161,7,1706,646,204,92,1,4,0,1
162,7,1652,633,188,86,1,4,0,1
163,7,1599,622,184,81,1,4,0,1
164,7,1546,611,180,76,1,4,0,1
165,7,1493,601,176,71,1,4,0,1
166,7,1451,595,176,71,1,4,0,1
167,7,1409,589,176,71,1,4,0,1
168,7,1367,583,176,71,1,4,0,1
169,7,1340,575,166,71,1,4,0,1
170,7,1313,567,156,71,1,4,0,1
171,7,1286,560,146,71,1,4,0,1
172,7,1259,552,136,71,1,4,0,1
173,7,1233,545,125,71,1,4,0,1
174,7,1213,537,112,63,1,4,0,1
175,7,1188,532,110,62,1,4,0,1
176,7,1164,527,107,62,1,4,0,1
177,7,1140,522,104,61,1,4,0,1
178,7,1115,517,102,61,1,4,0,1
179,7,1091,512,99,60,1,4,0,1
180,7,1067,508,96,59,1,4,0,1
181,7,1048,504,94,59,1,4,0,1
182,7,1029,501,92,58,1,4,0,1
183,7,1010,498,91,58,1,4,0,1
184,7,991,495,89,57,1,4,0,1
185,7,973,492,87,57,1,4,0,1
186,7,958,490,83,49,1,4,0,1
187,7,938,486,85,50,1,4,0,1
188,7,918,483,87,50,1,4,0,1
189,7,899,480,89,51,1,4,0,1
190,7,887,477,89,49,1,4,0,1
191,7,875,474,89,47,1,4,0,1
192,7,863,472,89,44,1,4,0,1
193,7,851,469,89,42,1,4,0,1
194,7,839,467,90,40,1,4,0,1
195,7,827,464,87,42,1,4,0,1
196,7,815,462,84,43,1,4,0,1
197,7,803,459,81,45,1,4,0,1
198,7,792,457,77,46,1,4,0,1
199,7,782,456,76,45,1,4,0,1
200,7,773,456,75,43,1,4,0,1
201,7,764,456,74,41,1,4,0,1
202,7,754,455,73,40,1,4,0,1
203,7,745,455,72,38,1,4,0,1
204,7,736,455,71,37,1,4,0,1
205,7,727,453,67,36,1,4,0,1
206,7,718,451,64,36,1,4,0,1
207,7,709,449,61,36,1,4,0,1
208,7,701,448,57,35,1,4,0,1
209,7,691,446,60,39,1,4,0,1
210,7,682,444,62,44,1,4,0,1
211,7,674,442,62,43,1,4,0,1
212,7,667,441,62,42,1,4,0,1
213,7,660,439,61,42,1,4,0,1
214,7,653,438,61,40,1,4,0,1
215,7,646,436,60,40,1,4,0,1
216,7,639,435,60,39,1,4,0,1
217,7,632,434,58,38,1,4,0,1
218,7,626,434,56,37,1,4,0,1
219,7,620,435,49,29,1,4,0,1
220,7,620,433,48,41,1,4,0,1
221,7,611,433,50,36,1,4,0,1
222,7,602,433,52,31,1,4,0,1
223,7,596,433,50,30,1,4,0,1
224,7,590,434,48,28,1,4,0,1
225,7,584,435,51,27,1,4,0,1
173,8,2396,829,285,159,1,4,1,1
174,8,2290,792,369,157,1,4,0,1
175,8,2188,769,343,140,1,4,0,1
176,8,2087,747,317,123,1,4,0,1
177,8,2000,728,292,128,1,4,0,1
178,8,1914,709,266,134,1,4,0,1
179,8,1847,690,250,117,1,4,0,1
180,8,1781,672,233,100,1,4,0,1
181,8,1721,654,216,101,1,4,0,1
182,8,1661,636,199,103,1,4,0,1
183,8,1601,619,182,104,1,4,0,1
184,8,1554,612,182,98,1,4,0,1
185,8,1508,605,182,92,1,4,0,1
186,8,1461,598,182,86,1,4,0,1
187,8,1415,592,182,80,1,4,0,1
188,8,1378,581,163,80,1,4,0,1
189,8,1341,570,145,81,1,4,0,1
190,8,1309,563,140,78,1,4,0,1
191,8,1277,556,136,76,1,4,0,1
192,8,1246,549,130,73,1,4,0,1
193,8,1214,542,126,71,1,4,0,1
194,8,1183,536,121,68,1,4,0,1
195,8,1160,530,116,69,1,4,0,1
196,8,1137,524,111,71,1,4,0,1
197,8,1114,518,106,72,1,4,0,1
198,8,1091,512,102,74,1,4,0,1
199,8,1073,508,97,76,1,4,0,1
200,8,1055,505,93,78,1,4,0,1
201,8,1037,502,89,80,1,4,0,1
202,8,1015,498,89,75,1,4,0,1
203,8,994,494,88,71,1,4,0,1
204,8,973,491,88,66,1,4,0,1
205,8,957,489,88,64,1,4,0,1
206,8,941,487,88,63,1,4,0,1
207,8,925,485,88,61,1,4,0,1
208,8,909,483,88,60,1,4,0,1
209,8,893,481,88,58,1,4,0,1
210,8,878,479,87,57,1,4,0,1
211,8,866,475,81,55,1,4,0,1
212,8,854,472,75,53,1,4,0,1
213,8,842,469,69,51,1,4,0,1
214,8,830,466,72,51,1,4,0,1
215,8,818,463,75,52,1,4,0,1
216,8,806,461,79,52,1,4,0,1
217,8,800,459,67,50,1,4,0,1
218,8,794,457,56,49,1,4,0,1
219,8,784,455,56,49,1,4,0,1
220,8,775,454,55,48,1,4,0,1
221,8,765,452,55,48,1,4,0,1
222,8,756,451,54,47,1,4,0,1
223,8,746,449,54,47,1,4,0,1
224,8,737,448,53,46,1,4,0,1
225,8,728,447,53,45,1,4,0,1
173,9,2441,724,234,111,1,4,1,1
174,9,2347,702,294,109,1,4,1,1
175,9,2266,687,283,106,1,4,1,1
176,9,2186,672,271,104,1,4,1,1
177,9,2106,658,260,101,1,4,1,1
178,9,2042,646,242,95,1,4,1,1
179,9,1978,635,225,89,1,4,1,1
180,9,1915,624,207,83,1,4,1,1
181,9,1859,613,201,83,1,4,1,1
182,9,1804,603,194,82,1,4,1,1
183,9,1749,593,188,81,1,4,1,0
184,9,1694,583,182,80,1,4,1,0
185,9,1651,577,177,79,1,4,1,0
186,9,1608,571,172,78,1,4,1,0
187,9,1566,566,167,77,1,4,1,0
188,9,1533,560,158,75,1,4,1,0
189,9,1501,554,148,73,1,4,1,0
190,9,1468,548,135,65,1,4,1,0
191,9,1436,542,133,63,1,4,1,0
192,9,1405,537,131,60,1,4,0,0
193,9,1374,532,129,57,1,4,0,0
194,9,1343,527,127,55,1,4,0,0
195,9,1317,522,119,59,1,4,0,0
196,9,1280,517,125,62,1,4,0,0
197,9,1264,511,121,62,1,4,0,0
198,9,1248,505,118,62,1,4,0,0
199,9,1223,502,107,59,1,4,0,0
200,9,1199,499,95,57,1,4,0,0
201,9,1178,496,95,58,1,4,0,0
202,9,1157,493,95,59,1,4,0,0
203,9,1136,490,95,60,1,4,0,0
204,9,1115,488,96,61,1,4,0,0
205,9,1097,484,91,57,1,4,0,0
206,9,1080,481,85,52,1,4,0,0
207,9,1063,478,79,47,1,4,0,0
208,9,1048,478,81,49,1,4,0,0
209,9,1029,475,83,51,1,4,0,0
210,9,1011,472,84,53,1,4,0,0
211,9,997,470,83,51,1,4,0,0
212,9,984,468,81,49,1,4,0,0
213,9,970,467,80,46,1,4,0,0
214,9,957,465,78,44,1,4,0,0
215,9,943,463,77,42,1,4,0,0
216,9,930,462,76,39,1,4,0,0
217,9,917,459,72,40,1,4,0,0
218,9,904,456,68,42,1,4,0,0
219,9,891,454,65,43,1,4,0,0
220,9,882,456,63,39,1,4,0,0
221,9,873,458,61,35,1,4,0,0
222,9,862,454,59,37,1,4,0,0
223,9,852,450,57,40,1,4,0,0
224,9,841,446,55,42,1,4,0,0
225,9,831,443,53,44,1,4,0,0
177,10,2435,751,252,149,1,5,1,1
178,10,2351,721,326,149,1,5,0,1
179,10,2267,727,326,149,1,5,0,1
180,10,2196,706,301,127,1,5,0,1
181,10,2131,691,288,124,1,5,0,1
182,10,2066,676,275,122,1,5,0,1
183,10,2015,665,261,122,1,5,0,1
184,10,1964,655,248,122,1,5,0,1
185,10,1913,645,235,122,1,5,0,1
186,10,1862,635,222,122,1,5,0,1
187,10,1811,625,209,122,1,5,0,1
188,10,1755,614,203,110,1,5,0,1
189,10,1700,604,197,98,1,5,0,1
190,10,1666,594,184,106,1,5,0,1
191,10,1632,584,171,114,1,5,0,1
192,10,1598,574,158,122,1,5,0,1
193,10,1555,573,158,106,1,5,0,1
194,10,1513,573,157,90,1,5,0,1
195,10,1486,567,153,88,1,5,0,1
196,10,1459,562,150,86,1,5,0,1
197,10,1432,557,147,83,1,5,0,1
198,10,1405,552,144,81,1,5,0,1
199,10,1378,547,141,78,1,5,0,1
200,10,1351,541,137,77,1,5,0,1
201,10,1324,536,134,74,1,5,0,1
202,10,1297,531,131,72,1,5,0,1
203,10,1270,526,128,69,1,5,0,1
204,10,1244,521,124,67,1,5,0,1
205,10,1224,518,121,66,1,5,0,1
206,10,1204,515,119,65,1,5,0,1
207,10,1184,512,117,65,1,5,0,1
208,10,1164,509,114,64,1,5,0,1
209,10,1144,506,112,63,1,5,0,1
210,10,1124,504,110,62,1,5,0,1
211,10,1107,501,107,61,1,5,0,1
212,10,1090,498,105,61,1,5,0,1
213,10,1074,496,102,59,1,5,0,1
214,10,1057,493,100,59,1,5,0,1
215,10,1040,490,98,58,1,5,0,1
216,10,1024,488,95,57,1,5,0,1
217,10,1003,480,110,64,1,5,0,1
218,10,983,472,125,71,1,5,0,1
219,10,978,473,103,68,1,5,0,1
220,10,974,475,81,64,1,5,0,0
221,10,961,473,81,61,1,5,0,0
222,10,948,471,81,58,1,5,0,0
223,10,936,469,80,55,1,5,0,0
224,10,924,467,79,52,1,5,0,0
225,10,912,466,79,49,1,5,0,0
1,11,816,1265,59,137,1,1,0,0
2,11,821,1261,62,140,1,1,0,0
3,11,827,1257,65,143,1,1,0,0
4,11,830,1312,83,149,1,1,0,0
23,12,411,290,56,38,1,4,0,0
24,12,415,291,56,38,1,4,0,0
25,12,420,293,55,37,1,4,0,0
26,12,425,295,54,37,1,4,0,0
27,12,430,297,53,36,1,4,0,0
28,12,435,299,53,36,1,4,0,0
29,12,437,303,52,37,1,4,0,0
30,12,445,301,53,36,1,4,0,0
31,12,451,323,52,37,1,4,0,0
32,12,457,345,52,38,1,4,0,0
33,12,463,368,52,39,1,4,0,0
34,12,469,385,52,40,1,4,0,0
35,12,475,402,52,41,1,4,0,0
36,12,475,406,54,42,1,4,0,0
37,12,481,409,56,42,1,4,0,0
38,12,488,412,57,43,1,4,0,0
39,12,494,415,60,44,1,4,0,0
40,12,501,418,61,45,1,4,0,0
41,12,507,421,64,46,1,4,0,0
42,12,514,424,65,47,1,4,0,0
43,12,520,427,67,47,1,4,0,0
44,12,527,430,69,48,1,4,0,0
45,12,533,433,71,49,1,4,0,0
46,12,540,436,73,50,1,4,0,0
47,12,546,439,75,51,1,4,0,0
48,12,553,442,77,52,1,4,0,0
49,12,562,445,80,54,1,4,0,0
50,12,571,448,83,56,1,4,0,0
51,12,581,452,85,57,1,4,0,0
52,12,592,457,88,59,1,4,0,0
53,12,604,462,90,61,1,4,0,0
54,12,616,468,92,62,1,4,0,0
55,12,627,473,95,64,1,4,0,0
56,12,639,478,97,67,1,4,0,0
57,12,651,484,99,68,1,4,0,0
58,12,662,489,102,70,1,4,0,0
59,12,674,494,104,72,1,4,0,0
60,12,686,500,106,74,1,4,0,0
61,12,703,508,110,76,1,4,0,0
62,12,720,516,115,78,1,4,0,0
63,12,737,524,120,81,1,4,0,0
64,12,754,532,125,83,1,4,0,0
65,12,771,541,130,85,1,4,0,0
66,12,793,546,117,97,1,4,0,0
67,12,812,557,128,100,1,4,0,0
68,12,832,569,138,102,1,4,0,0
69,12,852,581,149,105,1,4,0,0
70,12,878,594,160,107,1,4,0,0
71,12,905,607,170,109,1,4,0,0
72,12,932,620,181,111,1,4,0,0
73,12,967,635,188,121,1,4,0,0
74,12,1003,650,194,131,1,4,0,0
75,12,1039,665,200,141,1,4,0,0
76,12,1091,689,220,154,1,4,0,0
77,12,1143,713,240,167,1,4,0,0
78,12,1195,738,261,179,1,4,0,0
79,12,1247,762,281,193,1,4,0,0
80,12,1299,787,302,205,1,4,0,0
81,12,1351,811,322,218,1,4,0,0
82,12,1403,836,343,231,1,4,0,0
83,12,1503,882,392,262,1,4,0,0
84,12,1604,929,440,293,1,4,0,0
85,12,1705,976,488,323,1,4,0,0
86,12,1806,1023,537,354,1,4,0,0
87,12,1958,1094,557,347,1,4,0,0
23,13,227,269,36,29,1,4,0,0
24,13,227,269,36,29,1,4,0,0
25,13,228,270,36,29,1,4,0,0
26,13,229,270,36,29,1,4,0,0
27,13,230,271,36,29,1,4,0,0
28,13,231,271,36,29,1,4,0,0
29,13,232,272,36,29,1,4,0,0
30,13,232,271,37,29,1,4,0,0
31,13,234,291,37,28,1,4,0,0
32,13,237,311,36,28,1,4,0,0
33,13,240,331,36,28,1,4,0,0
34,13,241,347,36,28,1,4,0,0
39,13,247,369,36,28,1,4,1,0
40,13,247,369,37,28,1,4,1,0
41,13,248,370,37,28,1,4,1,0
42,13,249,370,38,29,1,4,1,0
43,13,250,371,38,29,1,4,1,0
44,13,251,371,39,30,1,4,1,0
45,13,252,372,39,29,1,4,1,0
46,13,253,372,40,30,1,4,1,0
47,13,254,373,40,30,1,4,1,0
48,13,255,373,41,31,1,4,1,0
49,13,256,374,41,31,1,4,1,0
50,13,257,375,42,31,1,4,1,0
51,13,258,376,42,31,1,4,1,0
52,13,259,377,43,31,1,4,1,0
53,13,260,378,44,31,1,4,1,0
54,13,262,379,43,32,1,4,1,0
55,13,263,380,44,32,1,4,1,0
56,13,264,381,45,32,1,4,1,0
57,13,265,382,46,32,1,4,1,0
58,13,267,383,45,33,1,4,1,0
59,13,268,384,46,33,1,4,0,0
60,13,269,385,47,33,1,4,0,0
61,13,271,386,47,34,1,4,0,0
62,13,272,387,47,34,1,4,0,0
63,13,273,388,48,34,1,4,0,0
64,13,274,389,49,34,1,4,0,0
65,13,276,390,48,35,1,4,0,0
66,13,277,391,49,35,1,4,0,0
67,13,278,392,50,35,1,4,0,0
68,13,279,393,51,35,1,4,0,0
69,13,281,394,50,36,1,4,0,0
70,13,282,395,51,36,1,4,0,0
71,13,283,396,52,36,1,4,0,0
72,13,285,397,52,37,1,4,0,0
73,13,286,398,52,37,1,4,0,0
74,13,287,399,53,38,1,4,0,0
75,13,288,400,54,39,1,4,0,0
76,13,290,401,54,39,1,4,0,0
77,13,291,403,55,39,1,4,0,0
78,13,292,404,55,40,1,4,0,0
79,13,294,405,55,40,1,4,0,0
80,13,295,406,56,41,1,4,0,0
81,13,296,407,57,42,1,4,0,0
82,13,298,409,57,42,1,4,0,0
83,13,299,411,58,42,1,4,0,0
84,13,301,413,58,43,1,4,0,0
85,13,303,416,58,43,1,4,0,0
86,13,305,418,58,44,1,4,0,0
87,13,306,420,60,44,1,4,0,0
88,13,308,423,60,44,1,4,0,0
89,13,310,425,60,45,1,4,0,0
90,13,312,427,60,46,1,4,0,0
91,13,314,430,61,46,1,4,0,0
92,13,317,431,61,47,1,4,0,0
93,13,320,433,62,48,1,4,0,0
94,13,323,435,63,49,1,4,0,0
95,13,326,437,63,49,1,4,0,0
96,13,330,438,63,51,1,4,0,0
97,13,333,440,64,52,1,4,0,0
98,13,336,442,64,52,1,4,0,0
99,13,339,444,65,53,1,4,0,0
100,13,343,446,65,54,1,4,0,0
101,13,346,449,66,54,1,4,0,0
102,13,350,453,66,53,1,4,0,0
103,13,353,457,67,52,1,4,0,0
104,13,357,461,68,52,1,4,0,0
105,13,360,464,69,53,1,4,0,0
106,13,363,467,71,55,1,4,0,0
107,13,366,470,72,56,1,4,0,0
108,13,369,473,74,58,1,4,0,0
109,13,372,476,75,59,1,4,0,0
110,13,376,480,76,60,1,4,0,0
111,13,380,483,78,62,1,4,0,0
112,13,385,487,79,63,1,4,0,0
113,13,390,491,80,64,1,4,0,0
114,13,394,495,83,65,1,4,0,0
115,13,399,499,84,66,1,4,0,0
116,13,404,502,85,68,1,4,0,0
117,13,409,506,86,69,1,4,0,0
118,13,413,510,89,70,1,4,0,0
119,13,418,514,90,71,1,4,0,0
120,13,423,518,91,72,1,4,0,0
121,13,428,522,93,73,1,4,0,0
122,13,434,526,93,75,1,4,0,0
123,13,441,531,93,77,1,4,0,0
124,13,447,537,96,80,1,4,0,0
125,13,453,543,100,83,1,4,0,0
126,13,460,549,102,86,1,4,0,0
127,13,466,555,106,89,1,4,0,0
128,13,473,562,109,91,1,4,0,0
129,13,479,568,112,94,1,4,0,0
130,13,485,574,116,97,1,4,0,0
131,13,492,580,118,100,1,4,0,0
132,13,498,586,122,103,1,4,0,0
133,13,505,593,125,105,1,4,0,0
134,13,515,603,129,108,1,4,0,0
135,13,526,613,132,111,1,4,0,0
136,13,536,624,136,113,1,4,0,0
137,13,547,634,140,116,1,4,0,0
138,13,558,644,143,119,1,4,0,0
139,13,568,655,147,121,1,4,0,0
140,13,579,665,150,124,1,4,0,0
141,13,590,676,154,127,1,4,0,0
142,13,602,686,162,134,1,4,0,0
143,13,615,696,170,141,1,4,0,0
144,13,633,712,178,148,1,4,0,0
145,13,652,729,186,154,1,4,0,0
146,13,671,746,193,161,1,4,0,0
147,13,689,763,202,167,1,4,0,0
148,13,708,779,209,175,1,4,0,0
149,13,727,796,217,181,1,4,0,0
150,13,745,813,225,188,1,4,0,0
151,13,764,830,233,194,1,4,0,0
152,13,783,847,241,201,1,4,0,0
153,13,807,872,261,219,1,4,0,0
154,13,832,897,280,237,1,4,0,0
155,13,857,923,300,254,1,4,0,0
156,13,897,960,319,271,1,4,0,0
157,13,937,997,339,289,1,4,0,0
158,13,977,1034,358,306,1,4,0,0
159,13,1017,1071,378,324,1,4,0,0
160,13,1070,1115,415,317,1,4,0,0
161,13,1123,1160,452,310,1,4,0,0
162,13,1176,1205,490,303,1,4,1,0
1,15,1116,259,213,150,1,4,0,0
2,15,1147,274,233,161,1,4,0,0
3,15,1179,293,251,173,1,4,0,0
4,15,1218,349,269,182,1,4,0,0
5,15,1267,457,291,195,1,4,0,0
6,15,1314,592,309,206,1,4,0,0
7,15,1368,703,329,218,1,4,0,0
8,15,1430,757,353,227,1,4,0,0
9,15,1493,788,377,245,1,4,0,0
10,15,1566,815,413,272,1,4,0,0
11,15,1641,858,432,296,1,4,0,0
12,15,1736,904,490,322,1,4,0,0
13,15,1832,951,548,347,1,4,0,0
14,15,1940,1008,596,386,1,4,0,0
15,15,2067,1072,617,437,1,4,1,0
