1,0,1736,1128,432,376,1,4,0,0
2,0,1724,1107,418,369,1,4,0,0
3,0,1713,1086,404,362,1,4,0,0
4,0,1702,1065,390,355,1,4,0,0
5,0,1690,1044,377,348,1,4,0,0
6,0,1679,1023,363,341,1,4,0,0
7,0,1668,1002,349,335,1,4,0,0
8,0,1657,981,338,324,1,4,0,0
9,0,1647,960,327,314,1,4,0,0
10,0,1636,939,317,304,1,4,0,0
11,0,1626,918,306,294,1,4,0,0
12,0,1616,898,295,283,1,4,0,0
13,0,1606,882,286,273,1,4,0,0
14,0,1597,866,276,263,1,4,0,0
15,0,1588,851,267,253,1,4,0,0
16,0,1578,835,258,243,1,4,0,0
17,0,1569,819,248,233,1,4,0,0
18,0,1560,804,239,223,1,4,0,0
19,0,1552,789,232,217,1,4,0,0
20,0,1544,774,225,211,1,4,0,0
21,0,1536,760,219,205,1,4,0,0
22,0,1528,745,212,199,1,4,0,0
23,0,1520,730,205,193,1,4,0,0
24,0,1512,716,199,187,1,4,0,0
25,0,1507,706,194,179,1,4,0,0
26,0,1502,697,189,170,1,4,0,0
27,0,1497,687,184,162,1,4,0,0
28,0,1492,678,179,153,1,4,0,0
29,0,1486,664,174,153,1,4,0,0
30,0,1481,650,168,153,1,4,0,0
31,0,1476,636,163,153,1,4,0,0
32,0,1472,625,158,149,1,4,0,0
33,0,1468,615,154,144,1,4,0,0
34,0,1464,604,149,140,1,4,0,0
35,0,1460,594,145,135,1,4,0,0
36,0,1453,585,145,135,1,4,0,0
37,0,1446,576,145,135,1,4,0,0
38,0,1440,568,145,135,1,4,0,0
39,0,1440,559,139,131,1,4,0,0
40,0,1441,551,133,127,1,4,0,0
41,0,1441,542,127,123,1,4,0,0
42,0,1442,534,121,119,1,4,0,0
43,0,1433,526,121,119,1,4,0,0
44,0,1424,519,121,119,1,4,0,0
45,0,1416,512,121,119,1,4,0,0
46,0,1415,503,117,115,1,4,0,0
47,0,1414,494,113,111,1,4,0,0
48,0,1414,486,109,107,1,4,0,0
49,0,1412,480,105,104,1,4,0,0
50,0,1410,474,102,102,1,4,0,0
51,0,1408,468,98,99,1,4,0,0
52,0,1406,462,95,97,1,4,0,0
53,0,1404,455,92,95,1,4,0,0
54,0,1402,449,89,92,1,4,0,1
55,0,1400,442,86,90,1,4,0,1
56,0,1399,436,82,87,1,4,0,1
57,0,1398,430,79,85,1,4,0,1
58,0,1391,420,80,88,1,4,0,1
59,0,1385,411,81,91,1,4,0,1
60,0,1379,401,82,95,1,4,0,1
61,0,1373,392,83,98,1,4,0,2
62,0,1374,397,81,90,1,4,0,2
63,0,1376,402,79,82,1,4,0,2
64,0,1378,408,77,73,1,4,0,2
65,0,1370,398,77,73,1,4,0,2
66,0,1362,388,77,73,1,4,0,2
67,0,1354,378,77,73,1,4,0,2
68,0,1352,374,75,71,1,4,0,2
69,0,1351,371,72,68,1,4,0,2
70,0,1350,368,69,65,1,4,0,2
71,0,1348,364,67,63,1,4,0,2
72,0,1347,361,64,60,1,4,0,2
73,0,1346,358,61,57,1,4,0,2
74,0,1345,355,61,57,1,4,0,2
75,0,1345,353,61,57,1,4,0,2
76,0,1344,350,61,57,1,4,0,2
77,0,1344,348,61,57,1,4,0,2
78,0,1342,343,61,57,1,4,0,2
79,0,1340,339,61,57,1,4,0,2
80,0,1338,334,61,57,1,4,0,2
81,0,1336,330,61,57,1,4,0,2
82,0,1335,327,61,57,1,4,0,2
83,0,1334,325,61,57,1,4,0,2
84,0,1333,322,61,57,1,4,0,2
85,0,1332,320,61,57,1,4,0,2
86,0,1330,316,61,57,1,4,0,2
87,0,1329,312,61,57,1,4,0,2
88,0,1327,308,61,57,1,4,0,2
89,0,1326,304,61,57,1,4,0,2
90,0,1323,302,61,57,1,4,0,2
91,0,1321,300,61,57,1,4,0,2
92,0,1318,298,61,57,1,4,0,2
93,0,1316,296,61,57,1,4,0,2
94,0,1322,292,61,57,1,4,0,2
95,0,1320,284,61,57,1,4,0,2
96,0,1318,286,61,57,1,4,0,2
97,0,1316,282,61,57,1,4,0,2
98,0,1316,272,61,57,1,4,0,2
99,0,1316,272,61,57,1,4,0,2
100,0,1312,280,60,57,1,4,0,2
101,0,1314,277,60,50,1,4,0,2
102,0,1314,277,60,50,1,4,1,2
103,0,1316,272,61,57,1,4,1,2
104,0,1305,280,60,44,1,4,1,2
105,0,1305,280,60,35,1,4,1,2
106,0,1305,274,60,41,1,4,1,2
107,0,1302,276,60,38,1,4,1,2
108,0,1302,281,60,32,1,4,1,2
109,0,1299,278,59,41,1,4,1,2
110,0,1299,278,59,38,1,4,1,2
111,0,1302,281,60,26,1,4,1,2
112,0,1293,277,60,29,1,4,1,2
113,0,1302,277,60,29,1,4,1,2
114,0,1299,274,60,32,1,4,1,2
115,0,1299,277,60,29,1,4,1,2
116,0,1302,276,50,29,1,4,1,2
1,1,1146,408,93,110,1,4,0,2
2,1,1143,423,93,110,1,4,0,2
3,1,1149,432,93,110,1,4,0,2
4,1,1143,428,92,122,1,4,0,2
5,1,1140,447,93,110,1,4,0,2
6,1,1143,462,93,110,1,4,0,1
7,1,1144,474,92,110,1,4,0,0
8,1,1141,484,94,111,1,4,0,0
9,1,1139,495,96,111,1,4,0,0
10,1,1136,506,99,111,1,4,0,0
11,1,1134,517,101,111,1,4,0,0
12,1,1132,528,103,111,1,4,0,0
13,1,1129,540,106,119,1,4,0,0
14,1,1126,552,110,128,1,4,0,0
15,1,1123,564,114,137,1,4,0,0
16,1,1120,576,117,145,1,4,0,0
17,1,1117,588,121,154,1,4,0,0
18,1,1114,600,125,163,1,4,0,0
19,1,1109,618,129,169,1,4,0,0
20,1,1104,637,133,175,1,4,0,0
21,1,1099,656,137,181,1,4,0,0
22,1,1094,674,141,187,1,4,0,0
23,1,1089,693,145,193,1,4,0,0
24,1,1084,712,149,199,1,4,0,0
25,1,1078,736,155,211,1,4,0,0
26,1,1072,760,162,223,1,4,0,0
27,1,1066,784,168,235,1,4,0,0
28,1,1060,808,175,247,1,4,0,0
29,1,1053,840,182,262,1,4,0,0
30,1,1046,872,189,277,1,4,0,0
31,1,1040,904,195,293,1,4,0,0
32,1,1027,939,212,324,1,4,0,0
33,1,1015,975,229,355,1,4,0,0
34,1,1002,1010,246,386,1,4,0,0
35,1,990,1046,263,417,1,4,0,0
36,1,988,1098,263,381,1,4,0,0
37,1,986,1150,263,345,1,4,0,0
38,1,984,1202,263,309,1,4,0,0
39,1,983,1268,263,243,1,4,0,0
1,2,952,286,135,120,1,4,0,2
2,2,952,302,135,119,1,4,0,2
3,2,952,302,135,119,1,4,0,0
4,2,952,302,135,119,1,4,0,0
5,2,952,302,135,119,1,4,0,0
6,2,952,302,135,119,1,4,0,2
7,2,952,302,135,119,1,4,0,2
8,2,952,302,135,119,1,4,0,2
9,2,952,315,135,119,1,4,0,2
10,2,952,315,135,119,1,4,0,0
11,2,952,315,135,119,1,4,0,0
12,2,952,315,135,119,1,4,0,2
13,2,952,315,135,119,1,4,0,2
14,2,952,315,135,119,1,4,0,0
15,2,952,315,135,119,1,4,0,0
16,2,952,325,135,119,1,4,0,0
17,2,952,325,135,119,1,4,0,2
18,2,952,325,135,119,1,4,0,2
19,2,952,325,135,119,1,4,0,0
20,2,952,336,135,119,1,4,0,0
21,2,952,336,135,119,1,4,0,0
22,2,952,336,135,119,1,4,0,2
23,2,952,336,135,119,1,4,0,2
24,2,952,336,135,119,1,4,0,2
25,2,952,336,135,119,1,4,0,2
26,2,952,365,135,119,1,4,0,2
27,2,952,365,135,119,1,4,0,0
28,2,952,365,135,119,1,4,0,0
29,2,995,379,101,116,1,4,0,0
30,2,991,383,104,116,1,4,0,2
31,2,987,387,108,116,1,4,0,2
32,2,984,392,111,116,1,4,0,2
33,2,977,397,104,119,1,4,0,0
34,2,975,406,107,119,1,4,0,0
35,2,969,413,117,119,1,4,0,0
36,2,963,422,120,119,1,4,0,2
37,2,960,424,114,119,1,4,0,2
38,2,952,430,135,120,1,4,0,1
39,2,948,436,126,119,1,4,0,1
40,2,940,445,135,120,1,4,0,1
41,2,931,448,135,120,1,4,0,1
42,2,928,454,135,120,1,4,0,1
43,2,916,466,135,120,1,4,0,1
44,2,908,476,134,120,1,4,0,0
45,2,908,476,134,120,1,4,0,0
46,2,902,482,134,121,1,4,0,0
47,2,896,489,134,121,1,4,0,1
48,2,890,496,135,121,1,4,0,0
49,2,881,502,138,123,1,4,0,0
50,2,872,508,141,125,1,4,0,1
51,2,863,514,144,127,1,4,0,1
52,2,854,520,147,129,1,4,0,0
53,2,844,526,151,135,1,4,0,0
54,2,835,532,154,142,1,4,0,1
55,2,826,538,157,149,1,4,0,1
56,2,817,544,160,156,1,4,0,1
57,2,808,550,163,163,1,4,0,0
58,2,798,559,168,167,1,4,0,0
59,2,789,568,173,171,1,4,0,0
60,2,779,577,178,175,1,4,0,0
61,2,770,586,183,179,1,4,0,0
62,2,759,600,183,179,1,4,0,0
63,2,748,614,183,179,1,4,0,0
64,2,738,628,183,179,1,4,0,0
65,2,724,636,189,187,1,4,0,0
66,2,711,644,194,195,1,4,0,0
67,2,698,652,199,203,1,4,0,0
68,2,680,662,207,211,1,4,0,0
69,2,662,673,216,218,1,4,0,0
70,2,644,684,225,226,1,4,0,0
71,2,626,694,233,234,1,4,0,0
72,2,608,705,242,241,1,4,0,0
73,2,590,716,251,249,1,4,0,0
74,2,573,725,257,260,1,4,0,0
75,2,556,735,263,270,1,4,0,0
76,2,539,744,269,281,1,4,0,0
77,2,522,754,275,291,1,4,0,0
78,2,500,772,284,297,1,4,0,0
79,2,478,790,293,304,1,4,0,0
80,2,456,808,302,310,1,4,0,0
81,2,434,826,311,317,1,4,0,0
82,2,409,845,325,323,1,4,0,0
83,2,384,864,340,330,1,4,0,0
84,2,359,883,354,336,1,4,0,0
85,2,334,902,369,343,1,4,0,0
86,2,304,918,382,364,1,4,0,0
87,2,274,934,395,386,1,4,0,0
88,2,244,950,408,407,1,4,0,0
89,2,214,966,421,429,1,4,0,0
90,2,183,989,434,435,1,4,0,0
91,2,153,1012,447,441,1,4,0,0
92,2,122,1035,460,447,1,4,0,0
93,2,92,1058,473,453,1,4,0,0
94,2,72,1086,473,425,1,4,0,0
95,2,53,1114,473,397,1,4,0,0
96,2,34,1142,473,369,1,4,1,0
97,2,29,1177,454,334,1,4,1,0
98,2,24,1213,436,298,1,4,1,0
99,2,19,1249,417,262,1,4,1,0
100,2,14,1284,399,227,1,4,1,0
101,2,9,1320,380,191,1,4,1,0
102,2,4,1356,362,155,1,4,1,0
1,3,346,752,52,128,1,1,0,0
2,3,345,751,52,128,1,1,0,0
3,3,345,751,52,128,1,1,0,0
4,3,345,751,52,128,1,1,0,0
5,3,345,751,52,128,1,1,0,0
6,3,344,751,53,128,1,1,0,0
7,3,344,751,52,128,1,1,0,0
8,3,344,751,52,128,1,1,0,0
9,3,344,751,52,128,1,1,0,0
10,3,343,751,53,128,1,1,0,0
11,3,343,751,53,128,1,1,0,0
12,3,343,751,52,128,1,1,0,0
13,3,343,751,52,128,1,1,0,0
14,3,342,750,53,129,1,1,0,0
15,3,342,750,53,129,1,1,0,0
16,3,342,750,53,129,1,1,0,0
17,3,342,750,52,129,1,1,0,0
18,3,341,750,53,129,1,1,0,0
19,3,341,750,53,129,1,1,0,0
20,3,341,750,53,129,1,1,0,0
21,3,341,750,53,129,1,1,0,0
22,3,340,750,53,129,1,1,0,0
23,3,340,750,53,129,1,1,0,0
24,3,340,750,53,129,1,1,0,0
25,3,340,750,53,129,1,1,0,0
26,3,340,750,53,129,1,1,0,0
27,3,340,750,51,129,1,1,0,0
28,3,340,750,50,129,1,1,0,0
29,3,340,750,49,129,1,1,0,0
30,3,340,750,47,129,1,1,0,0
31,3,340,750,46,129,1,1,0,0
32,3,340,750,45,129,1,1,0,0
33,3,340,749,45,129,1,1,0,0
34,3,340,749,45,129,1,1,0,0
35,3,340,749,45,129,1,1,0,0
36,3,340,749,46,129,1,1,0,0
37,3,340,749,46,129,1,1,0,0
38,3,340,749,46,129,1,1,0,0
39,3,341,749,46,128,1,1,0,0
40,3,341,748,46,129,1,1,0,0
41,3,341,748,46,129,1,1,0,0
42,3,341,748,47,129,1,1,0,0
43,3,341,748,47,129,1,1,0,0
44,3,341,748,47,129,1,1,0,0
45,3,342,748,47,129,1,1,0,0
46,3,342,748,47,128,1,1,0,0
47,3,342,747,47,129,1,1,0,0
48,3,342,747,47,129,1,1,0,0
49,3,342,747,48,129,1,1,0,0
50,3,342,747,48,129,1,1,0,0
51,3,342,747,48,129,1,1,0,0
52,3,343,747,48,128,1,1,0,0
53,3,343,747,48,128,1,1,0,0
54,3,343,747,48,128,1,1,0,0
55,3,343,746,49,129,1,1,0,0
56,3,343,746,49,129,1,1,0,0
57,3,343,746,49,129,1,1,0,0
58,3,344,746,49,129,1,1,0,0
59,3,344,746,49,128,1,1,0,0
60,3,344,746,49,128,1,1,0,0
61,3,344,746,49,128,1,1,0,0
62,3,344,745,50,129,1,1,0,0
63,3,344,745,50,129,1,1,0,0
64,3,344,745,50,129,1,1,0,0
65,3,345,745,50,128,1,1,0,0
66,3,345,745,50,128,1,1,0,0
67,3,345,745,50,128,1,1,0,0
68,3,345,745,51,128,1,1,0,0
69,3,345,745,51,128,1,1,0,0
70,3,345,744,51,129,1,1,0,0
71,3,346,744,51,129,1,1,0,0
72,3,346,744,51,128,1,1,0,0
73,3,346,744,51,128,1,1,0,0
74,3,346,744,51,128,1,1,0,0
75,3,346,744,52,128,1,1,0,0
76,3,346,744,52,128,1,1,0,0
77,3,346,743,52,129,1,1,0,0
78,3,347,743,52,128,1,1,0,0
79,3,347,743,52,128,1,1,0,0
80,3,347,743,52,128,1,1,0,0
81,3,347,743,53,128,1,1,0,0
82,3,347,743,53,128,1,1,0,0
83,3,347,743,53,128,1,1,0,0
84,3,348,743,53,128,1,1,0,0
85,3,346,743,53,128,1,1,0,0
86,3,344,743,53,128,1,1,0,0
87,3,342,743,53,128,1,1,0,0
88,3,340,743,53,128,1,1,0,0
89,3,338,743,53,128,1,1,0,0
90,3,337,744,53,128,1,1,0,2
91,3,337,743,53,129,1,1,0,2
92,3,338,743,52,129,1,1,0,2
93,3,338,743,53,129,1,1,0,2
94,3,339,743,52,129,1,1,0,2
95,3,340,743,51,129,1,1,0,2
96,3,340,743,52,129,1,1,0,2
97,3,341,743,51,129,1,1,0,2
98,3,342,743,50,129,1,1,0,2
99,3,342,742,51,130,1,1,0,2
100,3,343,742,50,130,1,1,0,2
101,3,344,742,49,130,1,1,0,2
102,3,344,742,50,130,1,1,0,2
103,3,345,742,49,130,1,1,0,2
104,3,346,742,48,130,1,1,0,2
105,3,346,742,49,130,1,1,0,2
106,3,347,742,48,130,1,1,0,2
107,3,348,742,47,130,1,1,0,2
108,3,348,741,48,131,1,1,0,2
109,3,349,741,47,131,1,1,0,2
110,3,350,741,46,131,1,1,0,2
111,3,350,741,47,131,1,1,0,2
112,3,351,741,46,131,1,1,0,2
113,3,352,741,45,131,1,1,0,2
114,3,352,741,46,131,1,1,0,2
115,3,353,741,45,131,1,1,0,2
116,3,354,741,45,131,1,1,0,2
1,4,310,754,48,128,1,1,0,1
2,4,309,753,48,128,1,1,0,1
3,4,309,753,48,128,1,1,0,1
4,4,308,753,48,128,1,1,0,1
5,4,308,753,48,128,1,1,0,1
6,4,308,753,48,128,1,1,0,1
7,4,307,753,48,128,1,1,0,1
8,4,307,752,48,129,1,1,0,1
9,4,306,752,49,129,1,1,0,1
10,4,306,752,48,128,1,1,0,1
11,4,306,752,48,128,1,1,0,1
12,4,305,752,49,128,1,1,0,1
13,4,305,752,48,128,1,1,0,1
14,4,304,751,49,129,1,1,0,1
15,4,304,751,48,129,1,1,0,1
16,4,304,751,48,129,1,1,0,1
17,4,303,751,49,129,1,1,0,1
18,4,303,751,48,128,1,1,0,1
19,4,302,751,49,128,1,1,0,1
20,4,302,750,49,129,1,1,0,1
21,4,302,750,48,129,1,1,0,1
22,4,301,750,49,129,1,1,0,1
23,4,301,750,49,129,1,1,0,1
24,4,300,750,49,129,1,1,0,1
25,4,300,750,49,129,1,1,0,1
26,4,300,750,49,129,1,1,0,1
27,4,300,750,49,129,1,1,0,1
28,4,301,750,49,129,1,1,0,1
29,4,301,750,49,129,1,1,0,1
30,4,302,750,49,129,1,1,0,1
31,4,302,750,49,129,1,1,0,1
32,4,303,750,49,129,1,1,0,1
33,4,303,750,49,129,1,1,0,1
34,4,304,750,49,129,1,1,0,1
35,4,304,750,50,129,1,1,0,1
36,4,305,750,49,129,1,1,0,1
37,4,305,750,50,129,1,1,0,1
38,4,306,750,49,129,1,1,0,1
39,4,306,750,50,129,1,1,0,1
40,4,307,750,49,129,1,1,0,1
41,4,307,750,50,129,1,1,0,1
42,4,308,750,50,129,1,1,0,1
43,4,308,750,50,129,1,1,0,1
44,4,309,750,50,129,1,1,0,1
45,4,309,750,50,129,1,1,0,1
46,4,310,750,50,129,1,1,0,1
47,4,310,750,50,129,1,1,0,1
48,4,311,750,50,129,1,1,0,1
49,4,311,750,51,129,1,1,0,1
50,4,312,750,50,129,1,1,0,1
51,4,312,750,51,129,1,1,0,1
52,4,313,750,50,129,1,1,0,1
53,4,313,750,51,129,1,1,0,1
54,4,314,750,50,129,1,1,0,1
55,4,314,751,51,128,1,1,0,1
56,4,315,751,51,128,1,1,0,1
57,4,315,751,51,128,1,1,0,1
58,4,316,751,51,128,1,1,0,1
59,4,316,751,51,128,1,1,0,1
60,4,317,751,51,128,1,1,0,1
61,4,317,751,51,128,1,1,0,1
62,4,318,751,51,128,1,1,0,1
63,4,318,751,52,128,1,1,0,1
64,4,319,751,51,128,1,1,0,1
65,4,319,751,52,128,1,1,0,1
66,4,320,751,51,128,1,1,0,1
67,4,320,751,52,128,1,1,0,1
68,4,321,751,51,128,1,1,0,1
69,4,321,751,52,128,1,1,0,1
70,4,322,751,52,128,1,1,0,1
71,4,322,751,52,128,1,1,0,1
72,4,323,751,52,128,1,1,0,1
73,4,323,751,52,128,1,1,0,1
74,4,324,751,52,128,1,1,0,1
75,4,324,751,52,128,1,1,0,1
76,4,325,751,52,128,1,1,0,1
77,4,325,751,53,128,1,1,0,1
78,4,326,751,52,128,1,1,0,1
79,4,326,751,53,128,1,1,0,1
80,4,327,751,52,128,1,1,0,1
81,4,327,751,53,128,1,1,0,1
82,4,328,751,52,128,1,1,0,1
83,4,328,751,53,128,1,1,0,1
84,4,329,752,53,128,1,1,0,1
85,4,331,752,53,128,1,1,0,1
86,4,334,752,53,128,1,1,0,1
87,4,336,753,54,128,1,1,0,1
88,4,339,753,53,128,1,1,0,1
89,4,341,753,54,128,1,1,0,1
90,4,344,754,54,128,1,1,0,1
91,4,345,753,54,128,1,1,0,1
92,4,347,752,53,128,1,1,0,1
93,4,348,751,53,128,1,1,0,1
94,4,350,750,52,128,1,1,0,1
95,4,352,750,52,128,1,1,0,1
96,4,353,749,52,128,1,1,0,1
97,4,355,748,51,128,1,1,0,1
98,4,356,747,51,128,1,1,0,1
99,4,358,746,50,128,1,1,0,1
100,4,360,746,50,128,1,1,0,1
101,4,359,746,50,128,1,1,0,1
102,4,359,746,50,128,1,1,0,1
103,4,359,746,49,128,1,1,0,1
104,4,359,747,49,128,1,1,0,1
105,4,358,747,49,128,1,1,0,1
106,4,358,747,49,128,1,1,0,1
107,4,358,747,48,128,1,1,0,1
108,4,358,748,48,128,1,1,0,1
109,4,357,748,48,128,1,1,0,1
110,4,357,748,48,128,1,1,0,1
111,4,357,748,47,128,1,1,0,1
112,4,357,749,47,128,1,1,0,1
113,4,357,749,47,129,1,1,0,1
114,4,357,749,48,130,1,1,0,1
115,4,357,749,49,131,1,1,0,1
116,4,357,750,50,131,1,1,0,1
1,5,330,732,36,124,1,1,0,2
2,5,329,732,36,124,1,1,0,2
3,5,329,732,36,124,1,1,0,2
4,5,329,732,36,124,1,1,0,2
5,5,328,732,36,124,1,1,0,2
6,5,328,732,36,124,1,1,0,2
7,5,328,732,36,124,1,1,0,2
8,5,327,732,37,124,1,1,0,2
9,5,327,732,36,124,1,1,0,2
10,5,327,732,36,125,1,1,0,2
11,5,326,732,37,125,1,1,0,2
12,5,326,732,36,125,1,1,0,2
13,5,326,732,36,125,1,1,0,2
14,5,325,733,37,124,1,1,0,2
15,5,325,733,37,124,1,1,0,2
16,5,325,733,36,124,1,1,0,2
17,5,324,733,37,124,1,1,0,2
18,5,324,733,37,125,1,1,0,2
19,5,324,733,36,125,1,1,0,2
20,5,323,733,37,125,1,1,0,2
21,5,323,733,37,125,1,1,0,2
22,5,323,733,37,125,1,1,0,2
23,5,322,733,37,125,1,1,0,2
24,5,322,733,37,125,1,1,0,2
25,5,322,733,37,125,1,1,0,2
26,5,322,734,37,125,1,1,0,2
27,5,321,732,37,125,1,1,0,2
28,5,321,731,37,125,1,1,0,2
29,5,320,729,37,125,1,1,0,2
30,5,320,728,37,125,1,1,0,2
31,5,320,727,37,125,1,1,0,2
32,5,319,725,37,125,1,1,0,2
33,5,319,724,37,125,1,1,0,2
34,5,319,723,37,125,1,1,0,2
35,5,318,721,37,125,1,1,0,2
36,5,318,720,37,125,1,1,0,2
37,5,318,719,37,125,1,1,0,2
38,5,317,717,37,125,1,1,0,2
39,5,317,716,37,125,1,1,0,2
40,5,316,714,37,125,1,1,0,2
41,5,316,713,37,125,1,1,0,2
42,5,316,712,37,125,1,1,0,2
43,5,315,710,37,125,1,1,0,2
44,5,315,709,37,125,1,1,0,2
45,5,315,708,37,125,1,1,0,2
46,5,314,706,37,125,1,1,0,2
47,5,314,705,37,125,1,1,0,2
48,5,314,704,37,125,1,1,0,2
49,5,314,704,37,125,1,1,0,2
50,5,314,705,37,125,1,1,0,2
51,5,314,705,37,125,1,1,0,2
52,5,314,706,37,125,1,1,0,2
53,5,315,706,37,125,1,1,0,2
54,5,315,707,37,125,1,1,0,2
55,5,315,707,37,125,1,1,0,2
56,5,315,708,37,125,1,1,0,2
57,5,316,708,37,125,1,1,0,2
58,5,316,709,37,125,1,1,0,2
59,5,316,709,37,125,1,1,0,2
60,5,316,710,37,125,1,1,0,2
61,5,316,710,37,125,1,1,0,2
62,5,317,711,37,125,1,1,0,2
63,5,317,711,37,125,1,1,0,2
64,5,317,712,37,125,1,1,0,2
65,5,317,712,37,125,1,1,0,2
66,5,318,713,37,125,1,1,0,2
67,5,318,713,37,125,1,1,0,2
68,5,318,714,37,125,1,1,0,2
69,5,318,714,37,125,1,1,0,2
70,5,318,715,37,125,1,1,0,2
71,5,319,715,37,125,1,1,0,2
72,5,319,716,37,125,1,1,0,2
73,5,319,716,37,125,1,1,0,2
74,5,319,717,37,125,1,1,0,2
75,5,320,718,37,125,1,1,0,2
76,5,321,718,38,125,1,1,0,2
77,5,323,718,38,125,1,1,0,2
78,5,325,718,38,126,1,1,0,2
79,5,327,718,38,126,1,1,0,2
80,5,329,719,38,125,1,1,0,2
81,5,331,719,38,126,1,1,0,2
82,5,333,719,38,126,1,1,0,2
83,5,335,719,38,126,1,1,0,2
84,5,337,720,39,126,1,1,0,2
85,5,336,719,40,126,1,1,0,2
86,5,336,718,40,126,1,1,0,2
87,5,336,717,41,126,1,1,0,2
88,5,336,716,41,126,1,1,0,2
89,5,336,715,42,126,1,1,0,2
90,5,336,714,42,126,1,1,0,2
91,5,336,713,43,126,1,1,0,2
92,5,336,712,43,126,1,1,0,2
93,5,336,711,44,126,1,1,0,2
94,5,336,710,44,126,1,1,0,2
95,5,336,709,45,126,1,1,0,2
96,5,336,708,45,126,1,1,0,2
97,5,336,707,46,126,1,1,0,2
98,5,336,707,46,125,1,1,0,2
99,5,336,706,46,125,1,1,0,2
100,5,336,705,47,125,1,1,0,2
101,5,336,704,47,125,1,1,0,2
102,5,336,703,48,125,1,1,0,2
103,5,336,702,48,125,1,1,0,2
104,5,336,701,49,125,1,1,0,2
105,5,336,700,49,125,1,1,0,2
106,5,336,699,50,125,1,1,0,2
107,5,336,698,50,125,1,1,0,2
108,5,336,697,51,125,1,1,0,2
109,5,336,696,51,125,1,1,0,2
110,5,336,695,52,125,1,1,0,2
111,5,336,694,52,125,1,1,0,2
112,5,336,694,53,125,1,1,0,2
113,5,336,695,52,125,1,1,0,2
114,5,336,696,52,125,1,1,0,2
115,5,336,697,51,125,1,1,0,2
116,5,337,699,50,125,1,1,0,2
16,8,1094,277,86,65,1,6,1,2
17,8,1094,277,86,66,1,6,1,2
18,8,1094,277,86,68,1,6,1,2
19,8,1094,277,86,70,1,6,1,2
20,8,1094,277,86,72,1,6,1,2
21,8,1094,277,86,74,1,6,1,2
22,8,1094,277,86,76,1,6,1,2
23,8,1094,277,86,78,1,6,1,2
24,8,1094,277,86,80,1,6,1,2
25,8,1094,277,86,82,1,6,1,2
26,8,1094,277,86,84,1,6,1,2
27,8,1094,277,86,86,1,6,1,2
28,8,1090,277,90,95,1,6,1,2
29,8,1086,277,94,104,1,6,1,2
30,8,1082,277,98,114,1,6,1,2
31,8,1078,277,102,123,1,6,1,2
32,8,1074,277,106,133,1,6,1,2
33,8,1070,277,110,142,1,6,1,2
34,8,1066,277,114,151,1,6,1,2
35,8,1062,277,118,161,1,6,1,2
36,8,1058,277,122,170,1,6,1,2
37,8,1054,277,126,180,1,6,1,2
38,8,1050,277,130,189,1,6,1,2
39,8,1046,277,134,198,1,6,1,2
40,8,1042,277,138,208,1,6,1,2
41,8,1038,277,142,217,1,6,1,2
42,8,1034,277,146,227,1,6,0,2
43,8,1033,277,147,227,1,6,0,2
44,8,1032,277,148,227,1,6,0,2
45,8,1031,277,149,227,1,6,0,2
46,8,1030,277,150,227,1,6,0,2
47,8,1029,277,151,227,1,6,0,2
48,8,1028,277,152,227,1,6,0,2
49,8,1027,277,153,227,1,6,0,2
50,8,1026,277,154,227,1,6,0,2
51,8,1025,277,155,227,1,6,0,2
52,8,1024,277,156,227,1,6,0,2
53,8,1023,277,157,227,1,6,0,2
54,8,1022,277,158,227,1,6,0,2
55,8,1021,277,159,227,1,6,0,2
56,8,1020,277,160,227,1,6,0,2
57,8,1019,277,161,227,1,6,0,2
58,8,1018,277,162,227,1,6,0,2
59,8,1017,277,163,227,1,6,0,2
60,8,1016,277,164,227,1,6,0,2
61,8,1015,277,165,227,1,6,0,2
62,8,1014,277,166,227,1,6,0,2
63,8,1013,277,167,227,1,6,0,2
64,8,1012,277,168,227,1,6,0,2
65,8,1011,277,169,227,1,6,0,2
66,8,1010,277,170,227,1,6,0,2
67,8,1009,277,171,227,1,6,0,2
68,8,1008,277,172,227,1,6,0,2
69,8,1007,277,173,227,1,6,0,2
70,8,1003,277,173,233,1,6,0,2
71,8,999,277,173,239,1,6,0,2
72,8,995,277,173,245,1,6,0,2
73,8,991,277,173,251,1,6,0,2
74,8,987,277,173,257,1,6,0,2
75,8,984,277,173,263,1,6,0,2
76,8,980,277,173,269,1,6,0,2
77,8,976,277,173,275,1,6,0,2
78,8,972,277,173,281,1,6,0,2
79,8,968,277,173,287,1,6,0,2
80,8,965,277,173,293,1,6,0,2
81,8,958,280,180,295,1,6,0,2
82,8,951,284,187,296,1,6,0,2
83,8,944,288,194,297,1,6,0,2
84,8,937,292,202,299,1,6,0,2
85,8,930,295,209,301,1,6,0,2
86,8,923,299,216,302,1,6,0,2
87,8,916,303,223,303,1,6,0,2
88,8,909,307,231,305,1,6,0,2
89,8,902,310,238,307,1,6,0,2
90,8,895,314,245,308,1,6,0,2
91,8,888,318,252,309,1,6,0,2
92,8,881,322,260,311,1,6,0,2
93,8,872,327,264,315,1,6,0,2
94,8,863,332,268,319,1,6,0,2
95,8,855,337,272,323,1,6,0,2
96,8,846,343,276,326,1,6,0,2
97,8,838,348,279,331,1,6,0,2
98,8,829,353,284,335,1,6,0,2
99,8,821,359,287,338,1,6,0,2
100,8,812,364,292,342,1,6,0,2
101,8,804,369,295,347,1,6,0,2
102,8,795,375,299,350,1,6,0,2
103,8,787,380,303,354,1,6,0,2
104,8,778,385,307,358,1,6,0,2
105,8,770,391,311,362,1,6,0,1
106,8,756,397,320,368,1,6,0,1
107,8,743,403,328,375,1,6,0,1
108,8,730,409,337,382,1,6,0,1
109,8,716,415,346,388,1,6,0,1
110,8,703,421,354,395,1,6,0,1
111,8,690,427,363,402,1,6,0,1
112,8,676,433,372,408,1,6,0,1
113,8,663,439,380,415,1,6,0,1
114,8,650,445,389,422,1,6,0,0
115,8,636,461,389,422,1,6,0,0
116,8,623,478,389,422,1,6,0,0
